clf
hold on
zp=[0       1.43
1       2.72
2       3.87
3       4.54
4       4.94
4.3     4.96
5       4.84
6       4.28
7       3.42
8       2.46
9       1.64
10      1.1
10.683333333333334      0.91
11      0.95
12      1.62
13      3.07
14      4.3
15      5.12
16      5.65
16.55   5.73
17      5.68
18      5.17
19      4.32
20      3.32
21      2.4
22      1.68
23      1.22
23.566666666666666      1.08
24      1.16
25      1.93
26      3.12
27      4.02
28      4.58
29      4.83
29.016666666666666      4.83
30      4.59
31      3.98
32      3.15
33      2.29
34      1.62
35      1.26
35.233333333333334      1.24
36      1.39
37      2.3
38      3.55
39      4.51
40      5.16
41      5.47
41.15   5.48
42      5.3
43      4.71
44      3.88
45      2.97
46      2.17
47      1.58
48      1.25
48.13333333333333       1.25
49      1.44
50      2.3
51      3.31
52      4.06
53      4.55
53.833333333333336      4.69
54      4.68
55      4.4
56      3.82
57      3.07
58      2.32
59      1.78
59.916666666666664      1.57
60      1.57
61      1.86
62      2.71
63      3.71
64      4.48
65      4.99
65.91666666666667       5.16
66      5.16
67      4.91
68      4.35
69      3.59
70      2.78
71      2.08
72      1.58
72.91666666666667       1.38
73      1.38
74      1.67
75      2.47
76      3.36
77      4.05
78      4.5
78.81666666666666       4.62
79      4.61
80      4.36
81      3.85
82      3.18
83      2.53
84      2.07
84.91666666666667       1.89
85      1.89
86      2.13
87      2.8
88      3.6
89      4.27
90      4.7
90.9    4.84
91      4.84
92      4.63
93      4.15
94      3.48
95      2.74
96      2.09
97      1.63
97.88333333333334       1.46
98      1.47
99      1.74
100     2.48
101     3.33
102     4.03
103     4.51
104     4.68
104     4.68
105     4.51
106     4.06
107     3.45
108     2.82
109     2.32
110     2.06
110.28333333333333      2.05
111     2.14
112     2.61
113     3.31
114     3.97
115     4.42
116     4.63
116.15  4.63
117     4.52
118     4.11
119     3.5
120     2.78
121     2.12
122     1.64
123     1.43
123     1.43
124     1.64
125     2.37
126     3.3
127     4.08
128     4.64
129     4.91
129.23333333333332      4.92
130     4.81
131     4.39
132     3.75
133     3.04
134     2.44
135     2.03
135.73333333333332      1.91
136     1.93
137     2.26
138     2.97
139     3.73
140     4.28
141     4.58
141.43333333333334      4.61
142     4.56
143     4.2
144     3.57
145     2.81
146     2.09
147     1.54
148     1.26
148.15  1.25
149     1.42
150     2.23
151     3.34
152     4.25
153     4.91
154     5.26
154.31666666666666      5.28
155     5.18
156     4.7
157     3.95
158     3.12
159     2.39
160     1.86
160.98333333333332      1.62
161     1.62
162     1.87
163     2.71
164     3.65
165     4.31
166     4.68
166.55  4.75
167     4.71
168     4.32
169     3.62
170     2.75
171     1.95
172     1.35
173     1
173.2   0.99
174     1.15
175     2.18
176     3.52
177     4.53
178     5.25
179     5.65
179.23333333333332      5.66
180     5.51
181     4.9
182     3.99
183     3.05
184     2.23
185     1.61
186     1.3
186.05  1.3
187     1.56
188     2.64
189     3.76
190     4.47
191     4.87
191.5   4.92
192     4.87
193     4.38
194     3.56
195     2.59
196     1.72
197     1.1
198     0.71
198.13333333333333      0.7
199     0.93
200     2.3
201     3.82
202     4.85
203     5.61
204     5.98
204.08333333333334      5.99
205     5.72
206     4.94
207     3.88
208     2.86
209     2.01
210     1.36
210.96666666666667      1.02
211     1.02
212     1.42
213     2.79
214     4.01
215     4.67
216     5.07
216.28333333333333      5.09
217     4.97
218     4.34
219     3.38
220     2.33
221     1.46
222     0.84
222.98333333333332      0.45
223     0.45
224     0.87
225     2.63
226     4.18
227     5.19
228     5.95
228.86666666666667      6.22
229     6.21
230     5.77
231     4.82
232     3.66
233     2.62
234     1.77
235     1.15
235.83333333333334      0.81
236     0.82
237     1.5
238     3.11
239     4.3
240     4.87
241     5.23
241.06666666666666      5.23
242     4.95
243     4.19
244     3.1
245     2.03
246     1.2
247     0.6
247.8   0.25
248     0.28
249     1.04
250     3.09
251     4.54
252     5.5
253     6.23
253.61666666666667      6.36
254     6.31
255     5.68
256     4.57
257     3.38
258     2.35
259     1.55
260     0.97
260.7   0.64
261     0.71
262     1.8
263     3.5
264     4.54
265     5.05
265.8333333333333       5.3
266     5.29
267     4.82
268     3.95
269     2.79
270     1.72
271     0.98
272     0.4
272.6333333333333       0.11
273     0.21
274     1.5
275     3.59
276     4.89
277     5.8
278     6.42
278.31666666666666      6.46
279     6.28
280     5.47
281     4.22
282     3.07
283     2.08
284     1.32
285     0.81
285.55  0.58
286     0.74
287     2.25
288     3.89
289     4.71
290     5.2
290.5833333333333       5.32
291     5.26
292     4.63
293     3.65
294     2.47
295     1.46
296     0.78
297     0.25
297.3666666666667       0.21
298     0.33
299     2.17
300     4.06
301     5.22
302     6.08
303     6.5
303.01666666666665      6.5
304     6.12
305     5.14
306     3.84
307     2.72
308     1.8
309     1.11
310     0.64
310.1   0.63
311     0.96
312     2.74
313     4.21
314     4.85
315     5.31
315.25  5.33
316     5.15
317     4.42
318     3.33
319     2.17
320     1.24
321     0.62
321.95  0.19
322     0.2
323     0.72
324     2.88
325     4.48
326     5.52
327     6.3
327.7   6.49
328     6.45
329     5.85
330     4.72
331     3.44
332     2.36
333     1.53
334     0.92
334.81666666666666      0.48
335     0.5
336     1.38
337     3.22
338     4.43
339     4.99
340     5.36
340.01666666666665      5.36
341     5.01
342     4.19
343     3.04
344     1.95
345     1.12
346     0.53
346.68333333333334      0.23
347     0.3
348     1.36
349     3.47
350     4.82
351     5.74
352     6.36
352.35  6.4
353     6.25
354     5.47
355     4.25
356     3.04
357     2.03
358     1.28
359     0.74
359.6333333333333       0.43
360     0.54
361     1.89
362     3.6
363     4.55
364     5.12
364.81666666666666      5.35
365     5.34
366     4.86
367     4
368     2.87
369     1.83
370     1.09
371     0.57
371.43333333333334      0.52
372     0.61
373     2.04
374     3.86
375     5.02
376     5.82
377     6.23
377.05  6.23
378     5.9
379     5.02
380     3.81
381     2.68
382     1.76
383     1.09
384     0.63
384.23333333333335      0.61
385     0.8
386     2.34
387     3.81
388     4.63
389     5.19
389.65  5.32
390     5.28
391     4.76
392     3.88
393     2.83
394     1.87
395     1.19
396     0.8
396.0833333333333       0.8
397     1.08
398     2.52
399     4.03
400     5.03
401     5.7
401.8333333333333       5.92
402     5.91
403     5.48
404     4.6
405     3.47
406     2.41
407     1.58
408     0.99
408.9   0.67
409     0.67
410     1.14
411     2.62
412     3.88
413     4.66
414     5.19
414.55  5.27
415     5.22
416     4.73
417     3.91
418     2.96
419     2.07
420     1.45
420.95  1.16
421     1.16
422     1.5
423     2.7
424     3.95
425     4.83
426     5.38
426.71666666666664      5.52
427     5.5
428     5.07
429     4.28
430     3.27
431     2.29
432     1.53
433     1.01
433.75  0.81
434     0.83
435     1.39
436     2.7
437     3.85
438     4.63
439     5.14
439.65  5.24
440     5.21
441     4.82
442     4.11
443     3.24
444     2.41
445     1.81
446     1.52
446.1   1.52
447     1.71
448     2.58
449     3.64
450     4.46
451     4.97
451.8   5.11
452     5.1
453     4.78
454     4.12
455     3.23
456     2.32
457     1.6
458     1.12
458.73333333333335      0.95
459     0.97
460     1.45
461     2.62
462     3.75
463     4.56
464     5.12
464.9   5.3
465     5.29
466     5.02
467     4.41
468     3.6
469     2.78
470     2.12
471     1.72
471.55  1.63
472     1.69
473     2.25
474     3.21
475     4.05
476     4.6
477     4.84
477.06666666666666      4.84
478     4.66
479     4.11
480     3.32
481     2.44
482     1.72
483     1.22
