tides=[0	1.41000000000000
1	2.14000000000000
2	3.65000000000000
3	5.01000000000000
4	5.88000000000000
4.90000000000000	6.16000000000000
5	6.15000000000000
6	5.75000000000000
7	4.79000000000000
8	3.68000000000000
9	2.64000000000000
10	1.79000000000000
11	1.30000000000000
11.4666666666667	1.25000000000000
12	1.32000000000000
13	2.32000000000000
14	4.07000000000000
15	5.57000000000000
16	6.58000000000000
17	6.96000000000000
17.0500000000000	6.97000000000000
18	6.66000000000000
19	5.73000000000000
20	4.59000000000000
21	3.47000000000000
22	2.52000000000000
23	1.85000000000000
24	1.53000000000000
24.1666666666667	1.52000000000000
25	1.69000000000000
26	2.74000000000000
27	4.10000000000000
28	5.21000000000000
29	5.85000000000000
29.6166666666667	5.96000000000000
30	5.92000000000000
31	5.38000000000000
32	4.45000000000000
33	3.44000000000000
34	2.51000000000000
35	1.84000000000000
35.9500000000000	1.55000000000000
36	1.55000000000000
37	1.90000000000000
38	3.12000000000000
39	4.61000000000000
40	5.80000000000000
41	6.48000000000000
41.6833333333333	6.63000000000000
42	6.60000000000000
43	6.10000000000000
44	5.18000000000000
45	4.13000000000000
46	3.17000000000000
47	2.36000000000000
48	1.85000000000000
48.8000000000000	1.66000000000000
49	1.68000000000000
50	2.07000000000000
51	3.16000000000000
52	4.33000000000000
53	5.24000000000000
54	5.72000000000000
54.4333333333333	5.77000000000000
55	5.69000000000000
56	5.13000000000000
57	4.29000000000000
58	3.39000000000000
59	2.59000000000000
60	2.07000000000000
60.7000000000000	1.92000000000000
61	1.95000000000000
62	2.46000000000000
63	3.57000000000000
64	4.78000000000000
65	5.69000000000000
66	6.16000000000000
66.4500000000000	6.21000000000000
67	6.14000000000000
68	5.62000000000000
69	4.80000000000000
70	3.89000000000000
71	3.04000000000000
72	2.36000000000000
73	1.93000000000000
73.6166666666667	1.83000000000000
74	1.87000000000000
75	2.35000000000000
76	3.34000000000000
77	4.38000000000000
78	5.18000000000000
79	5.61000000000000
79.4166666666667	5.65000000000000
80	5.57000000000000
81	5.09000000000000
82	4.35000000000000
83	3.55000000000000
84	2.84000000000000
85	2.40000000000000
85.6500000000000	2.29000000000000
86	2.32000000000000
87	2.74000000000000
88	3.62000000000000
89	4.60000000000000
90	5.35000000000000
91	5.75000000000000
91.4833333333333	5.80000000000000
92	5.74000000000000
93	5.33000000000000
94	4.64000000000000
95	3.84000000000000
96	3.06000000000000
97	2.43000000000000
98	2.03000000000000
98.6000000000000	1.94000000000000
99	1.97000000000000
100	2.42000000000000
101	3.33000000000000
102	4.33000000000000
103	5.14000000000000
104	5.60000000000000
104.600000000000	5.68000000000000
105	5.65000000000000
106	5.27000000000000
107	4.61000000000000
108	3.84000000000000
109	3.15000000000000
110	2.66000000000000
110.950000000000	2.48000000000000
111	2.48000000000000
112	2.70000000000000
113	3.36000000000000
114	4.22000000000000
115	4.97000000000000
116	5.43000000000000
116.800000000000	5.55000000000000
117	5.55000000000000
118	5.28000000000000
119	4.68000000000000
120	3.92000000000000
121	3.13000000000000
122	2.47000000000000
123	2.03000000000000
123.750000000000	1.89000000000000
124	1.90000000000000
125	2.27000000000000
126	3.18000000000000
127	4.28000000000000
128	5.20000000000000
129	5.79000000000000
129.833333333333	5.95000000000000
130	5.94000000000000
131	5.63000000000000
132	4.96000000000000
133	4.13000000000000
134	3.34000000000000
135	2.73000000000000
136	2.39000000000000
136.433333333333	2.35000000000000
137	2.41000000000000
138	2.92000000000000
139	3.81000000000000
140	4.69000000000000
141	5.32000000000000
142	5.58000000000000
142.100000000000	5.58000000000000
143	5.41000000000000
144	4.83000000000000
145	4.01000000000000
146	3.14000000000000
147	2.40000000000000
148	1.87000000000000
148.883333333333	1.67000000000000
149	1.67000000000000
150	1.99000000000000
151	3.02000000000000
152	4.33000000000000
153	5.44000000000000
154	6.16000000000000
154.900000000000	6.39000000000000
155	6.38000000000000
156	6.05000000000000
157	5.26000000000000
158	4.28000000000000
159	3.35000000000000
160	2.61000000000000
161	2.13000000000000
161.683333333333	2
162	2.02000000000000
163	2.48000000000000
164	3.53000000000000
165	4.63000000000000
166	5.43000000000000
167	5.79000000000000
167.183333333333	5.80000000000000
168	5.63000000000000
169	4.97000000000000
170	4.02000000000000
171	3.03000000000000
172	2.18000000000000
173	1.60000000000000
173.933333333333	1.34000000000000
174	1.34000000000000
175	1.68000000000000
176	2.98000000000000
177	4.55000000000000
178	5.85000000000000
179	6.63000000000000
179.800000000000	6.85000000000000
180	6.84000000000000
181	6.37000000000000
182	5.39000000000000
183	4.24000000000000
184	3.18000000000000
185	2.36000000000000
186	1.82000000000000
186.750000000000	1.64000000000000
187	1.66000000000000
188	2.15000000000000
189	3.47000000000000
190	4.80000000000000
191	5.71000000000000
192	6.07000000000000
192.083333333333	6.07000000000000
193	5.81000000000000
194	4.99000000000000
195	3.88000000000000
196	2.78000000000000
197	1.87000000000000
198	1.28000000000000
198.866666666667	1.01000000000000
199	1.02000000000000
200	1.47000000000000
201	3.16000000000000
202	4.93000000000000
203	6.35000000000000
204	7.11000000000000
204.616666666667	7.25000000000000
205	7.20000000000000
206	6.50000000000000
207	5.32000000000000
208	4.04000000000000
209	2.91000000000000
210	2.07000000000000
211	1.53000000000000
211.700000000000	1.34000000000000
212	1.38000000000000
213	2.03000000000000
214	3.64000000000000
215	5.13000000000000
216	6.04000000000000
216.883333333333	6.32000000000000
217	6.32000000000000
218	5.88000000000000
219	4.86000000000000
220	3.61000000000000
221	2.46000000000000
222	1.52000000000000
223	0.990000000000000
223.750000000000	0.730000000000000
224	0.760000000000000
225	1.47000000000000
226	3.56000000000000
227	5.40000000000000
228	6.85000000000000
229	7.49000000000000
229.350000000000	7.54000000000000
230	7.37000000000000
231	6.42000000000000
232	5.10000000000000
233	3.73000000000000
234	2.59000000000000
235	1.79000000000000
236	1.34000000000000
236.633333333333	1.10000000000000
237	1.17000000000000
238	2.19000000000000
239	3.98000000000000
240	5.54000000000000
241	6.35000000000000
241.616666666667	6.50000000000000
242	6.44000000000000
243	5.78000000000000
244	4.58000000000000
245	3.27000000000000
246	2.10000000000000
247	1.22000000000000
248	0.740000000000000
248.600000000000	0.510000000000000
249	0.610000000000000
250	1.78000000000000
251	4.07000000000000
252	5.96000000000000
253	7.28000000000000
254	7.74000000000000
254.050000000000	7.74000000000000
255	7.36000000000000
256	6.16000000000000
257	4.76000000000000
258	3.37000000000000
259	2.28000000000000
260	1.54000000000000
261	1.22000000000000
261.583333333333	0.940000000000000
262	1.08000000000000
263	2.59000000000000
264	4.42000000000000
265	5.92000000000000
266	6.58000000000000
266.300000000000	6.62000000000000
267	6.42000000000000
268	5.55000000000000
269	4.23000000000000
270	2.91000000000000
271	1.73000000000000
272	1
273	0.570000000000000
273.433333333333	0.530000000000000
274	0.600000000000000
275	2.40000000000000
276	4.61000000000000
277	6.54000000000000
278	7.60000000000000
278.750000000000	7.87000000000000
279	7.84000000000000
280	7.15000000000000
281	5.80000000000000
282	4.34000000000000
283	2.99000000000000
284	1.97000000000000
285	1.33000000000000
286	1.11000000000000
286.166666666667	1.10000000000000
287	1.22000000000000
288	3.09000000000000
289	4.93000000000000
290	6.22000000000000
291	6.70000000000000
291.033333333333	6.70000000000000
292	6.29000000000000
293	5.21000000000000
294	3.84000000000000
295	2.57000000000000
296	1.41000000000000
297	0.830000000000000
298	0.480000000000000
298	0.480000000000000
299	0.840000000000000
300	3.17000000000000
301	5.20000000000000
302	7.05000000000000
303	7.83000000000000
303.433333333333	7.91000000000000
304	7.77000000000000
305	6.77000000000000
306	5.38000000000000
